-AIEnabled:0
-AIDifficulty:3
-TimeBetweenCycle:10
-NumberCycles:20
-BoardHeight:20
-WrapAround:1
-BoardState:
0000000000000000000000000000000000000000
0000000000000000000000000000000000000000
0000000000000000000000000000000000000000
0000000000000000000000000000000000000000
0000000000011000000000000000000000000000
0000000000010000000000000000000000000000
0000000001110000000000000000000000000000
0000000001000000000000000000000000000000
0000000001110000000000000000000000000000
0000000010001001000000000000000000000000
0000000010001000000000000000000000000000
0000000001111000000000000000000000000000
0000000000000000010000000000000000000000
0000000000000000010000000000000000000000
0000000000000000010000000000000000000000
0000000000000000000000000000000000000000
0000000011100000000000000000000000000000
0000000000000000000000000000000000000000
0000000000000000000000000000000000000000
0000000000000000000000000000000000000000
